 2026年度 第1回　実用英語技能検定
 5月31日（日）実施
 
 
4級
 
 
(1)
2
 
(16)
4
 
(26)
1
 
(2)
3
 
(17)
2
 
A
(27)
2
 
(3)
1
 
(18)
4
 
(28)
3
 
(4)
1
 
(19)
3
 
(29)
3
 
(5)
3
 
2
(20)
3
 
B
(30)
1
 
(6)
2
 
(21)
2
 
(31)
3
 
(7)
1
 
(22)
1
 
(32)
3
 
(8)
2
 
(23)
2
 
(33)
4
 
(9)
2
 
(24)
3
 
(34)
1
 
(10)
1
 
3
(25)
3
 
4
C
(35)
3
 
(11)
1
 
(12)
1
 
(13)
4
 
(14)
2
 
1
(15)
3
 
 
4級リスニング
 
 
No. 1
1
 
No. 11
1
 
No. 21
2
 
No. 2
3
 
No. 12
2
 
No. 22
3
 
No. 3
2
 
No. 13
3
 
No. 23
3
 
No. 4
1
 
No. 14
4
 
No. 24
4
 
No. 5
1
 
No. 15
4
 
No. 25
2
 
No. 6
1
 
No. 16
3
 
No. 26
4
 
No. 7
3
 
No. 17
4
 
No. 27
1
 
No. 8
1
 
No. 18
3
 
No. 28
3
 
No. 9
3
 
No. 19
4
 
No. 29
1
 
第1部
No. 10
2
 
第2部
No. 20
1
 
第3部
No. 30
4
公益財団法人日本英語検定協会
